96 132 135 196 201 248 257 393 554 657 678 738 835 857 905 1147 1215 1224 1241 1781 1942 2133 2267 2290 2405 2406 2432 2433 2447 2521 2675 
1085 1420 1874 2191 2271 2682 
101 494 777 881 930 1091 1119 1146 1392 1437 1855 2044 2118 2336 2513 2634 2670 
62 312 936 1812 1830 1945 2076 2330 
8 52 60 110 295 317 502 636 780 1088 1132 1333 1423 1443 1746 1956 1960 2087 2150 2198 2350 2444 2495 2630 2727 2738 
204 268 819 961 1128 1207 1665 1725 1811 1837 1893 1940 1970 2112 2187 2230 2408 2456 2529 2582 2666 2717 
13 21 50 89 117 129 149 157 205 224 228 231 299 302 306 332 339 350 355 376 409 422 531 541 604 605 627 647 691 763 769 798 821 832 864 890 919 932 979 987 1042 1055 1107 1134 1229 1264 1292 1327 1371 1390 1395 1417 1426 1429 1449 1486 1541 1594 1608 1711 1727 1861 1929 1971 2053 2172 2175 2246 2247 2437 2449 2566 2597 2615 2736 
10 48 119 182 189 330 402 443 462 551 619 687 699 789 795 820 896 929 940 1083 1114 1124 1177 1295 1362 1375 1502 1612 1626 1813 2078 2138 2200 2235 2248 2296 2560 2633 2656 2750 
1 34 167 252 303 337 345 359 470 491 812 970 1039 1081 1318 1324 1382 1504 1688 1784 1786 1899 1937 1995 2063 2213 2224 
19 40 78 99 108 139 148 165 175 191 195 206 229 235 238 253 254 275 286 304 334 341 352 423 430 454 485 495 520 543 568 622 639 659 669 676 720 742 756 794 799 815 827 1000 1052 1120 1176 1297 1307 2155 2580 2639 
181 544 809 833 1239 1396 1580 2167 2414 
20 57 74 133 162 203 584 623 728 937 967 1068 1222 1260 1322 1598 1752 1870 1891 
177 469 1430 1483 1809 2008 2240 2715 
116 140 493 808 845 900 950 968 1582 1664 1681 1759 1894 2125 2186 2404 2431 2546 2588 2645 
73 586 1001 1539 1836 2140 2188 
265 872 984 1183 1192 1414 1513 1676 1701 2000 2039 2051 2338 2440 2769 
36 369 378 481 570 655 712 834 841 862 1164 1170 1334 1359 1561 1623 1647 1675 1729 1777 1825 1850 2115 2164 2192 2214 2373 2400 2457 2460 2763 
97 368 386 440 516 630 805 838 878 1168 1682 1983 2105 2340 2506 2721 2733 
164 184 522 530 731 752 768 849 912 1216 1221 1329 1455 1477 1717 1739 2135 2260 2587 2623 
321 747 1040 1062 1259 1481 1901 1915 2101 2321 2438 2505 
33 54 438 514 525 726 836 953 1002 1030 1064 1506 1633 1982 2022 2355 2518 2584 
417 741 816 969 973 1011 1063 1545 1613 1820 1856 2218 2280 2501 2581 2746 
1033 1227 1700 2215 2468 2548 
239 595 779 997 1149 1501 1618 1644 1658 1678 1838 2130 2293 2653 2705 
11 43 82 105 187 226 490 552 1163 2026 2108 2121 2241 2445 2458 2510 2519 2625 2747 2784 
4 42 104 114 128 166 169 180 218 240 271 280 361 411 437 460 508 569 588 594 596 614 660 664 711 782 843 887 903 951 990 1086 1155 1190 1238 1296 1308 1355 1578 1663 1726 1761 1775 1821 1889 2415 2487 2775 
92 136 255 372 486 507 515 564 587 714 1156 1402 1643 1722 1734 1764 2386 2419 2494 2575 2712 
16 381 710 718 824 1242 1376 1653 1687 1774 1921 2329 2424 2436 
211 259 283 288 533 1065 1512 1589 1898 1936 1964 2145 2297 2326 2364 2503 2613 
41 75 217 366 497 663 1032 1231 1313 1320 1337 1566 1588 1609 2394 2778 
123 159 233 284 287 340 441 451 477 498 512 628 632 674 688 713 770 869 901 1014 1037 1082 1116 1367 1528 1571 1810 2024 2066 2114 2173 2194 2255 2292 2294 2365 2481 2490 2563 2621 2699 
773 1003 1312 1605 1671 1692 1740 1948 1989 2162 2284 2315 2605 
107 367 666 911 980 1077 1300 1592 1706 1753 1816 1842 1939 1998 2055 2263 2480 2482 2728 
144 151 171 179 207 256 513 706 746 858 2195 2231 2317 2327 2367 2492 2504 2517 2549 2567 2602 2612 2616 2622 2646 2669 2689 2737 2752 
463 792 1069 1527 2046 2596 
315 781 801 852 949 1154 1187 1293 1298 1413 1453 1479 1503 1737 1993 2189 2208 2410 2488 
439 599 839 1100 1339 1410 1461 1892 2032 2132 2358 2426 2638 
173 333 424 579 904 927 978 996 1433 1487 1604 1744 2002 2160 2190 2225 2427 2522 
31 38 113 188 442 683 733 886 1141 1340 1622 1646 1785 1879 2206 2629 
66 118 127 156 279 320 545 591 613 745 829 891 1112 1247 1267 1335 1393 1552 1591 1655 1691 1720 1748 1776 
5 112 145 219 473 479 563 736 870 875 958 965 982 1145 1153 1299 1314 1555 1952 1968 2021 2045 2067 2389 2497 2533 2586 2667 2701 
236 540 646 690 796 921 1882 1920 2089 2466 
506 603 880 1034 1198 1200 1303 1401 1432 1472 1491 1657 1814 2077 2307 2366 2435 2559 2714 2760 
318 760 1400 1428 2086 2180 2556 
307 342 358 954 1093 1419 1732 1831 2288 2637 
47 944 1038 1388 1790 2068 2083 2311 
120 163 208 230 426 689 1071 1122 1377 1474 1730 2072 2143 2171 2279 2301 2471 2526 2552 2590 2591 2647 2664 2688 2722 2725 2771 2782 
414 534 916 1123 1142 1236 1530 1579 1683 1713 1938 1973 2116 2165 2211 2416 2512 
88 209 685 725 759 1226 1284 1310 1697 1858 1872 2137 
730 971 1005 1165 1212 1568 1802 2070 2120 2374 2409 2754 
679 754 1179 1252 1280 1630 1639 1709 2127 2184 2278 2732 
87 137 232 289 300 427 607 675 826 855 884 926 1056 1286 1294 1489 1495 1544 1634 1721 1903 2015 2054 2065 2157 2305 2401 2696 
2 28 374 476 505 555 680 767 1140 1381 1584 2006 2059 2123 2498 2536 2611 2640 2671 2680 2685 2774 
667 737 847 1370 1695 1747 1815 2217 2258 2361 2390 2576 
293 336 597 615 893 1015 1219 1316 1405 1444 1480 1577 1905 2052 2177 2570 2665 
45 51 121 285 305 328 415 433 547 650 749 828 1204 1240 1288 1384 1532 1553 1610 2004 2122 2251 2291 2392 2417 2499 2683 
343 924 1505 1728 1862 1950 2161 2382 
61 85 210 392 406 762 1520 2084 2232 2322 2493 2520 2568 2604 2610 2697 
373 897 1271 1411 1560 1724 1864 2042 2098 2379 2403 2473 
244 413 715 757 1023 1113 1180 1406 1705 1888 1947 2236 2452 2547 2657 
84 106 170 388 529 976 1422 1518 1573 1953 2058 2082 2119 2693 2709 
23 804 922 1020 1022 1104 2038 2149 2168 2262 2273 2363 2600 2753 
79 109 267 455 576 609 722 727 831 848 956 964 1016 1076 1476 1551 1719 1733 1835 2019 2357 
168 461 573 643 648 717 1026 1087 1357 1674 1699 1716 1804 1849 2092 2104 2136 2229 2272 2347 2779 
391 959 1331 1570 2170 2356 2508 2541 
200 561 611 844 1075 1672 1909 1933 2614 
379 1059 1067 1072 1535 1736 1738 1819 1976 2020 2147 2257 2565 2751 
0 553 1232 1283 1378 1494 1599 1651 1827 1885 1912 2250 2328 2413 2430 2558 
44 351 694 906 1024 1175 1306 1482 1714 2031 2343 2451 2628 2649 2650 2762 
53 72 126 155 276 290 375 420 429 435 510 546 566 698 765 766 797 810 818 885 917 948 1028 1044 1060 1099 1185 1189 1206 1353 1374 1386 1702 1846 1992 2028 2050 2097 2277 2312 2509 2516 2543 2574 2724 2770 
270 499 550 704 918 1115 1342 1680 1731 1755 1975 2103 2256 
800 859 889 1089 1397 1547 1569 1575 1946 2360 2525 2726 
142 158 242 436 456 492 578 700 774 902 1004 1058 1143 1266 1275 1407 1451 1462 1620 1656 1698 1766 1772 1789 1843 1857 2029 2037 2074 2166 2268 2387 2446 2478 2642 2668 2748 
122 716 1352 1438 2179 2777 
629 686 2012 2071 2542 2553 2573 2592 2626 2627 2663 2698 2711 2735 2758 
1263 1321 1516 1549 1962 2158 2269 2686 2785 
380 397 447 571 633 640 734 793 814 977 1178 1205 1265 1278 1302 1347 1436 1499 1934 2484 2652 2710 
250 449 536 575 945 1046 1201 1534 1668 1873 1966 2003 2040 2095 2479 2608 2755 
1345 1440 1523 1886 1924 2274 
147 266 338 517 600 874 994 1101 1531 1735 1787 1834 2124 2289 2298 2550 
71 115 532 612 616 895 1070 1162 1585 1617 1640 1865 1957 2126 2154 2331 2551 2619 
593 635 702 851 1290 1311 1606 1792 1845 1974 2151 2197 2368 2571 2660 
29 65 83 216 220 251 278 325 371 387 396 407 467 475 617 662 772 806 823 947 992 1012 1027 1043 1049 1050 1094 1172 1235 1673 1757 1908 2156 2183 2391 2515 2716 
192 682 707 995 1078 1425 1470 1758 1791 1826 1860 2544 
6 753 802 985 1456 1583 2205 2500 2764 
98 183 464 487 721 1010 1160 1289 1524 1576 1742 2093 2535 2651 
198 404 556 873 915 955 1109 1707 1935 2254 2286 2333 2768 
15 241 326 624 652 822 1035 1102 1131 1372 1399 1403 1454 1615 1638 1696 1851 1859 2117 2159 2349 2376 2523 
348 453 751 761 1009 1136 1253 1254 1363 1510 1631 1632 1641 1808 1833 1884 2025 2354 2370 2463 2624 
199 214 431 524 583 677 785 868 1125 1234 1282 1446 1625 2152 2264 2393 2411 2441 2658 2745 
193 215 446 535 539 618 817 938 1350 1369 1517 1565 1635 1841 1871 2163 2528 2554 
7 39 49 64 90 93 125 134 152 176 190 221 225 243 246 249 258 272 274 281 297 310 313 331 399 434 457 466 474 538 557 572 638 672 748 775 787 790 856 1097 1171 1193 2603 2673 2695 2756 
70 500 1029 1090 1181 1223 1537 1562 1616 1661 1708 1715 1867 1951 1969 2034 2113 2221 2572 2694 2729 
988 1079 1255 1654 1770 2013 2252 2323 
58 161 432 724 786 854 983 1021 1326 1404 1629 1943 1987 2023 2096 2453 2643 
363 521 755 899 913 1031 1272 1468 1689 1823 1922 2295 
354 444 684 732 963 1230 1572 1782 1797 1890 2308 2309 2314 2434 2483 2674 
212 408 511 574 788 981 1133 1195 1262 1356 1465 1762 1763 1769 1928 2011 2178 2219 2223 2253 2442 2577 2719 2742 
130 353 395 671 998 1138 1328 1619 1627 1662 2069 2111 2270 2475 2703 
14 291 665 865 962 1251 1767 1913 2141 2474 2648 2730 
102 658 776 1148 1191 1869 2181 
9 24 425 560 601 681 740 972 1258 1268 1270 1304 1488 1559 1741 1829 1883 2091 2100 2106 2244 2319 2352 2407 2534 2691 2767 
360 811 931 1054 1111 1127 1498 1593 1659 1754 2001 2048 2056 2265 2672 2708 
400 592 877 914 986 1188 1349 1492 1601 1669 1685 1750 1897 2017 2201 2212 2283 2381 2450 2598 
27 67 81 197 401 883 1274 1287 2207 2245 2677 
626 1057 1169 1467 1645 1801 1906 1961 2281 2303 2537 2679 2700 
3 25 95 377 528 842 892 928 952 989 1202 1211 1237 1368 1416 1500 1542 1650 1660 1765 1907 1926 
63 202 484 567 637 670 705 975 993 1066 1904 1931 1944 1979 2036 2196 2337 2676 2740 
124 174 357 488 625 644 882 974 1008 1199 1478 1497 1511 1558 1896 2306 
94 314 382 459 863 935 1126 1166 1276 1394 1507 1556 1587 1666 1788 1887 1918 1923 2064 2302 2318 2425 2455 2569 2606 2661 
298 888 1158 1325 1341 1441 1751 1839 1959 2035 2313 2399 2470 2496 2589 2632 2687 2692 
32 223 296 308 416 696 1110 1197 1269 1305 1686 1743 1756 1818 1910 2134 2316 2464 2489 2545 
35 154 186 194 419 589 651 697 723 837 1036 1250 1344 2412 2448 2511 2557 2761 
86 269 634 846 1220 1249 1354 1522 1916 1941 2144 2362 2439 2702 2781 
150 1218 1434 1546 1806 1955 1981 2287 2593 
146 384 418 468 909 1184 1291 1509 1795 1805 2131 2335 2429 2485 
621 1017 1336 1364 1366 1389 1469 1473 1881 2018 2102 2266 2421 2454 2514 2599 
80 709 791 1047 1624 1628 1911 2285 2420 2564 2644 
111 301 1041 1152 1233 1332 1391 1490 1611 1621 1670 2016 2176 2182 2372 2378 2398 2595 2678 2713 
37 138 213 292 322 448 504 608 692 735 867 894 1106 1817 1877 1978 2375 2385 2532 2662 2772 2783 
103 153 428 489 518 542 830 908 1018 1105 1194 1424 1567 1712 1771 1854 1880 1984 2353 2443 2467 2538 2618 2641 
55 160 247 364 389 394 642 778 1261 1277 1281 1343 1361 1373 1445 2090 2261 2345 2461 
840 957 1458 1508 1586 2005 2009 2110 2238 2423 2704 2780 
12 22 26 77 141 143 227 245 262 323 503 509 610 693 695 750 1061 1385 1450 1457 1853 1972 2060 2476 2561 2601 2723 2743 
850 933 1515 1581 1723 1773 1794 2209 2239 2310 2359 2462 
56 69 577 598 1173 1442 1779 2047 2766 
282 347 719 825 861 920 999 1139 1243 1338 1351 1649 1704 1863 1878 1930 1954 1988 2226 2228 2275 2395 2422 2465 2607 
349 602 1096 1174 1257 1408 1431 1466 1710 1760 1803 1875 1876 1986 2049 2088 2210 2227 2342 2486 2654 
324 701 764 1006 1074 1080 1151 1496 1548 1800 1844 1847 1980 2146 2203 2249 2741 
450 472 590 960 1214 1248 1471 1914 1949 2043 2081 
237 398 558 1135 1228 1323 1484 1514 1600 1927 1967 2346 2469 2539 
30 46 294 582 668 703 1965 1990 2320 2659 
18 813 1150 1427 1783 2062 2233 2594 
410 910 946 1208 1448 1543 1607 1958 2153 2397 2530 2757 
319 471 866 1108 1840 2276 2765 
641 860 1053 1073 1157 1493 1866 2014 2079 2202 2242 2776 
261 445 585 1137 2033 2174 2332 2369 2706 2731 2744 
362 653 729 1025 1348 1380 1554 1595 1749 2080 2459 2472 
580 581 942 1301 1398 1557 1997 2007 2585 
620 673 1019 1118 1667 1828 1902 2109 2348 2507 2773 
465 480 1217 1244 1273 1360 1642 1824 1895 2041 2734 
222 523 898 966 1213 1409 1919 1963 2128 2334 2562 
316 329 482 1013 1095 1319 1435 1852 2299 2339 2344 2477 
370 478 496 783 943 991 1209 1475 1614 1822 1985 2142 2300 2325 2636 
403 784 871 1778 1917 2193 2383 
277 335 483 743 853 1256 1412 1718 1799 2631 2759 
100 656 661 934 1186 1383 1538 1564 2075 2099 2341 2749 
68 356 803 1315 1460 1596 2243 
421 1245 1602 1694 1848 2371 2739 
131 548 1159 1387 1452 2027 2418 2428 2620 2707 
744 925 1130 1526 1636 2139 2617 2681 
264 273 344 383 1317 1459 1525 1637 1793 1807 
562 771 879 941 1519 1529 2220 2282 2324 2502 2583 
172 1051 1182 1536 1540 1684 1768 2540 2555 
234 1161 1550 1597 1693 1796 2094 2148 2388 
185 309 311 1007 1210 1485 1563 1574 2107 2351 2531 
91 260 631 1203 1285 1603 2010 2377 2578 
527 537 1092 1103 1439 1677 1991 2185 
458 654 1048 1167 1925 2199 
390 526 1330 1365 1379 1464 1533 1745 2204 2524 
708 876 1279 1418 1780 2169 2491 
263 565 645 1121 1415 1798 
59 346 549 649 2237 2402 2684 
17 501 606 1045 1098 1129 1590 1679 1868 2216 2380 2384 2396 2609 2635 2690 
405 758 1346 1521 2304 2718 
327 807 1225 1309 1421 1996 2030 
76 178 385 412 452 923 939 1084 1648 1703 2222 
365 559 907 1117 1463 1652 1977 1994 2057 2061 2527 2579 2720 
1196 1447 1690 1832 1932 1999 2073 2085 2129 
519 739 1144 1246 1358 1900 2234 2259 2655 
